759,760
772
774
776
800
1045
1055,1070
1075,1077
1082,1083
1085,1088
1097,1102
1107
1112,1113
1118,1121
1126,1127
1132,1136
1142
1149,1153
1159,
1164,1168
1173,1174
1176
1180,1183
1188
1193,1194
1196,1199
1204,1205
1211,1216
1225
1228,1231
1236
1241,1246
1251
1256,1259
1264,1265
1270,1274
1279,1280
1285
1294
1303
1308
1321,1322
1327
1336
1341
1350
1355
1364
1369
1378
1384
1398
1412
1421
1426,1430
1435
1440
1445
1454
1459
1468,1469
1474
1479
1485
1490
1495
1500,1501
1506
1511
1516,1517
1522
1532,1533
1538
1543
1548,1549
1554,1555
1564,1565
1570,1571
1580
1586
1596,1597
1602
1607
1612,1613
1618
1623
1628
1633,1635
1644,1645
1650,1651
1660,1661
1666
1676,1677
1682,1683
1692
1698,1699
1708,1709
1714,1715
1724
1730,1731
1740
1746,1747
1756
1762
1767
1772
1777,1778
1783
1788,1789
1794
1804
1809
1810
1811
1820
1821
1826
1831
1836
1841,1843
1843
1852,1853
1858
1867,1868
1874,1875
1885
1891,1892
1902
1907,1908
1917,1919
1924
1933,1934
1939,1940
1949,1951
1956
1966
1972,1973
1978
1983
1988,1990
1999
2004,2005
2010
2015
2020,2021
2026
2031
2036
2041
2046
2051,2052
2061
2066,2067
2072
2077
2082,2084
2093
2098
2107
2112,2113
2118
2123
2128
2137
2142,2143
2152,2153
2158,2159
2168
2173,2175
2184
2189
2198,2199
2204,2205
2214
2219
2228,2230
2237,2238
2247
2252,2254
2263
2268
2277
2282
2291,2292
2297,2298
2307,2308
2313,2314
2323,2324
2329,2330





